5nn 33 [5 9 9, 33]^
5nn 38 [5 9 9, 38]^
5nn 10 [5 9 9, 10]^
5nn 15 [5 9 9, 15]^
5nn 11 [5 9 9, 11]^
5nn 12 [5 9 9, 12]^
5nn 3 [5 9 9, 3]^
5nn 13 [5 9 9, 13]^
5nn 12 [5 9 9, 12]^
5nn 2 [5 9 9, 2]^
5nn 23 [5 9 9, 23]^
5nn 40 [5 9 9, 40]^
5nn 5 [5 9 9, 5]^
5nn 22 [5 9 9, 22]^
5nn 3 [5 9 9, 3]^
5nn 1 [5 9 9, 1]^
5nn 14 [5 9 9, 14]^
5nn 15 [5 9 9, 15]^
5nn 18 [5 9 9, 18]^
5nn 13 [5 9 9, 13]^
5nn 25 [5 9 9, 25]^
5nn 38 [5 9 9, 38]^
5nn 30 [5 9 9, 30]^
5nn 14 [5 9 9, 14]^
5nn 40 [5 9 9, 40]^
5nn 35 [5 9 9, 35]^
5nn 25 [5 9 9, 25]^
5nn 39 [5 9 9, 39]^
5nn 11 [5 9 9, 11]^
5nn 28 [5 9 9, 28]^
5nn 3 [5 9 9, 3]^
5nn 23 [5 9 9, 23]^
5nn 13 [5 9 9, 13]^
5nn 14 [5 9 9, 14]^
5nn 15 [5 9 9, 15]^
5nn 17 [5 9 9, 17]^
5nn 11 [5 9 9, 11]^
5nn 36 [5 9 9, 36]^
5nn 6 [5 9 9, 6]^
5nn 17 [5 9 9, 17]^
5nn 5 [5 9 9, 5]^
5nn 13 [5 9 9, 13]^
5nn 8 [5 9 9, 8]^
5nn 37 [5 9 9, 37]^
5nn 1 [5 9 9, 1]^
5nn 30 [5 9 9, 30]^
5nn 33 [5 9 9, 33]^
5nn 28 [5 9 9, 28]^
5nn 35 [5 9 9, 35]^
5nn 13 [5 9 9, 13]^
5nn 23 [5 9 9, 23]^
5nn 14 [5 9 9, 14]^
5nn 3 [5 9 9, 3]^
5nn 32 [5 9 9, 32]^
5nn 10 [5 9 9, 10]^
5nn 31 [5 9 9, 31]^
5nn 26 [5 9 9, 26]^
5nn 9 [5 9 9, 9]^
5nn 19 [5 9 9, 19]^
5nn 15 [5 9 9, 15]^
5nn 10 [5 9 9, 10]^
5nn 24 [5 9 9, 24]^
5nn 15 [5 9 9, 15]^
5nn 18 [5 9 9, 18]^
5nn 28 [5 9 9, 28]^
5nn 33 [5 9 9, 33]^
5nn 0 [5 9 9, 0]^
5nn 21 [5 9 9, 21]^
5nn 36 [5 9 9, 36]^
5nn 6 [5 9 9, 6]^
5nn 29 [5 9 9, 29]^
5nn 20 [5 9 9, 20]^
5nn 9 [5 9 9, 9]^
5nn 25 [5 9 9, 25]^
5nn 2 [5 9 9, 2]^
5nn 29 [5 9 9, 29]^
5nn 35 [5 9 9, 35]^
5nn 12 [5 9 9, 12]^
5nn 20 [5 9 9, 20]^
5nn 40 [5 9 9, 40]^
5nn 20 [5 9 9, 20]^
5nn 36 [5 9 9, 36]^
5nn 2 [5 9 9, 2]^
5nn 25 [5 9 9, 25]^
5nn 39 [5 9 9, 39]^
5nn 7 [5 9 9, 7]^
5nn 37 [5 9 9, 37]^
5nn 20 [5 9 9, 20]^
5nn 5 [5 9 9, 5]^
5nn 17 [5 9 9, 17]^
5nn 18 [5 9 9, 18]^
5nn 37 [5 9 9, 37]^
5nn 17 [5 9 9, 17]^
5nn 15 [5 9 9, 15]^
5nn 13 [5 9 9, 13]^
5nn 30 [5 9 9, 30]^
5nn 22 [5 9 9, 22]^
5nn 1 [5 9 9, 1]^
5nn 8 [5 9 9, 8]^
5nn 20 [5 9 9, 20]^
5nn 11 [5 9 9, 11]^
5nn 0 [5 9 9, 0]^
5nn 2 [5 9 9, 2]^
5nn 5 [5 9 9, 5]^
5nn 3 [5 9 9, 3]^
5nn 14 [5 9 9, 14]^
5nn 20 [5 9 9, 20]^
5nn 33 [5 9 9, 33]^
5nn 29 [5 9 9, 29]^
5nn 2 [5 9 9, 2]^
5nn 12 [5 9 9, 12]^
5nn 18 [5 9 9, 18]^
5nn 27 [5 9 9, 27]^
5nn 2 [5 9 9, 2]^
5nn 11 [5 9 9, 11]^
5nn 13 [5 9 9, 13]^
5nn 8 [5 9 9, 8]^
5nn 7 [5 9 9, 7]^
5nn 1 [5 9 9, 1]^
5nn 26 [5 9 9, 26]^
5nn 9 [5 9 9, 9]^
5nn 2 [5 9 9, 2]^
5nn 21 [5 9 9, 21]^
5nn 23 [5 9 9, 23]^
5nn 3 [5 9 9, 3]^
5nn 11 [5 9 9, 11]^
5nn 21 [5 9 9, 21]^
5nn 25 [5 9 9, 25]^
5nn 24 [5 9 9, 24]^
5nn 20 [5 9 9, 20]^
5nn 40 [5 9 9, 40]^
5nn 0 [5 9 9, 0]^
5nn 15 [5 9 9, 15]^
5nn 12 [5 9 9, 12]^
5nn 8 [5 9 9, 8]^
5nn 36 [5 9 9, 36]^
5nn 5 [5 9 9, 5]^
5nn 19 [5 9 9, 19]^
5nn 2 [5 9 9, 2]^
5nn 1 [5 9 9, 1]^
5nn 9 [5 9 9, 9]^
5nn 18 [5 9 9, 18]^
5nn 35 [5 9 9, 35]^
5nn 40 [5 9 9, 40]^
5nn 38 [5 9 9, 38]^
5nn 0 [5 9 9, 0]^
5nn 24 [5 9 9, 24]^
5nn 20 [5 9 9, 20]^
5nn 36 [5 9 9, 36]^
5nn 8 [5 9 9, 8]^
5nn 35 [5 9 9, 35]^
5nn 4 [5 9 9, 4]^
5nn 17 [5 9 9, 17]^
5nn 25 [5 9 9, 25]^
5nn 4 [5 9 9, 4]^
5nn 2 [5 9 9, 2]^
5nn 20 [5 9 9, 20]^
5nn 11 [5 9 9, 11]^
5nn 40 [5 9 9, 40]^
5nn 19 [5 9 9, 19]^
5nn 13 [5 9 9, 13]^
5nn 24 [5 9 9, 24]^
5nn 13 [5 9 9, 13]^
5nn 17 [5 9 9, 17]^
5nn 35 [5 9 9, 35]^
5nn 26 [5 9 9, 26]^
5nn 16 [5 9 9, 16]^
5nn 33 [5 9 9, 33]^
5nn 28 [5 9 9, 28]^
5nn 18 [5 9 9, 18]^
5nn 13 [5 9 9, 13]^
5nn 34 [5 9 9, 34]^
5nn 27 [5 9 9, 27]^
5nn 20 [5 9 9, 20]^
5nn 9 [5 9 9, 9]^
5nn 8 [5 9 9, 8]^
5nn 34 [5 9 9, 34]^
5nn 22 [5 9 9, 22]^
5nn 6 [5 9 9, 6]^
5nn 36 [5 9 9, 36]^
5nn 37 [5 9 9, 37]^
5nn 33 [5 9 9, 33]^
5nn 38 [5 9 9, 38]^
5nn 30 [5 9 9, 30]^
5nn 23 [5 9 9, 23]^
5nn 13 [5 9 9, 13]^
5nn 28 [5 9 9, 28]^
5nn 40 [5 9 9, 40]^
5nn 2 [5 9 9, 2]^
5nn 25 [5 9 9, 25]^
5nn 11 [5 9 9, 11]^
5nn 6 [5 9 9, 6]^
5nn 40 [5 9 9, 40]^
5nn 0 [5 9 9, 0]^
5nn 11 [5 9 9, 11]^
5nn 21 [5 9 9, 21]^
5nn 39 [5 9 9, 39]^
5nn 14 [5 9 9, 14]^
5nn 25 [5 9 9, 25]^
5nn 37 [5 9 9, 37]^
5nn 2 [5 9 9, 2]^
5nn 33 [5 9 9, 33]^
5nn 34 [5 9 9, 34]^
5nn 16 [5 9 9, 16]^
5nn 26 [5 9 9, 26]^
5nn 13 [5 9 9, 13]^
5nn 6 [5 9 9, 6]^
5nn 13 [5 9 9, 13]^
5nn 33 [5 9 9, 33]^
5nn 3 [5 9 9, 3]^
5nn 24 [5 9 9, 24]^
5nn 20 [5 9 9, 20]^
5nn 40 [5 9 9, 40]^
5nn 18 [5 9 9, 18]^
5nn 14 [5 9 9, 14]^
5nn 27 [5 9 9, 27]^
5nn 22 [5 9 9, 22]^
5nn 5 [5 9 9, 5]^
5nn 2 [5 9 9, 2]^
5nn 17 [5 9 9, 17]^
5nn 5 [5 9 9, 5]^
5nn 10 [5 9 9, 10]^
5nn 4 [5 9 9, 4]^
5nn 7 [5 9 9, 7]^
5nn 5 [5 9 9, 5]^
5nn 18 [5 9 9, 18]^
5nn 32 [5 9 9, 32]^
5nn 26 [5 9 9, 26]^
5nn 29 [5 9 9, 29]^
5nn 38 [5 9 9, 38]^
5nn 4 [5 9 9, 4]^
5nn 10 [5 9 9, 10]^
5nn 9 [5 9 9, 9]^
5nn 7 [5 9 9, 7]^
5nn 8 [5 9 9, 8]^
5nn 19 [5 9 9, 19]^
5nn 12 [5 9 9, 12]^
5nn 35 [5 9 9, 35]^
5nn 33 [5 9 9, 33]^
5nn 13 [5 9 9, 13]^
5nn 18 [5 9 9, 18]^
5nn 28 [5 9 9, 28]^
5nn 8 [5 9 9, 8]^
5nn 15 [5 9 9, 15]^
5nn 7 [5 9 9, 7]^
5nn 15 [5 9 9, 15]^
5nn 37 [5 9 9, 37]^
5nn 11 [5 9 9, 11]^
5nn 14 [5 9 9, 14]^
5nn 32 [5 9 9, 32]^
5nn 39 [5 9 9, 39]^
5nn 3 [5 9 9, 3]^
5nn 0 [5 9 9, 0]^
5nn 35 [5 9 9, 35]^
5nn 32 [5 9 9, 32]^
5nn 20 [5 9 9, 20]^
5nn 13 [5 9 9, 13]^
5nn 8 [5 9 9, 8]^
5nn 32 [5 9 9, 32]^
5nn 21 [5 9 9, 21]^
5nn 31 [5 9 9, 31]^
5nn 17 [5 9 9, 17]^
5nn 15 [5 9 9, 15]^
5nn 39 [5 9 9, 39]^
5nn 19 [5 9 9, 19]^
5nn 27 [5 9 9, 27]^
5nn 37 [5 9 9, 37]^
5nn 9 [5 9 9, 9]^
5nn 7 [5 9 9, 7]^
5nn 14 [5 9 9, 14]^
5nn 7 [5 9 9, 7]^
5nn 40 [5 9 9, 40]^
5nn 16 [5 9 9, 16]^
5nn 28 [5 9 9, 28]^
5nn 29 [5 9 9, 29]^
5nn 11 [5 9 9, 11]^
5nn 31 [5 9 9, 31]^
5nn 29 [5 9 9, 29]^
5nn 21 [5 9 9, 21]^
5nn 34 [5 9 9, 34]^
5nn 30 [5 9 9, 30]^
5nn 0 [5 9 9, 0]^
5nn 38 [5 9 9, 38]^
5nn 13 [5 9 9, 13]^
5nn 35 [5 9 9, 35]^
5nn 14 [5 9 9, 14]^
5nn 27 [5 9 9, 27]^
5nn 22 [5 9 9, 22]^
5nn 10 [5 9 9, 10]^
5nn 26 [5 9 9, 26]^
5nn 5 [5 9 9, 5]^
5nn 7 [5 9 9, 7]^
5nn 27 [5 9 9, 27]^
5nn 1 [5 9 9, 1]^
5nn 34 [5 9 9, 34]^
5nn 27 [5 9 9, 27]^
5nn 0 [5 9 9, 0]^
5nn 25 [5 9 9, 25]^
5nn 29 [5 9 9, 29]^
5nn 30 [5 9 9, 30]^
5nn 28 [5 9 9, 28]^
5nn 40 [5 9 9, 40]^
5nn 3 [5 9 9, 3]^
5nn 27 [5 9 9, 27]^
5nn 4 [5 9 9, 4]^
5nn 18 [5 9 9, 18]^
5nn 21 [5 9 9, 21]^
5nn 14 [5 9 9, 14]^
5nn 16 [5 9 9, 16]^
5nn 0 [5 9 9, 0]^
5nn 3 [5 9 9, 3]^
5nn 9 [5 9 9, 9]^
5nn 34 [5 9 9, 34]^
5nn 40 [5 9 9, 40]^
5nn 15 [5 9 9, 15]^
5nn 16 [5 9 9, 16]^
5nn 17 [5 9 9, 17]^
5nn 34 [5 9 9, 34]^
5nn 9 [5 9 9, 9]^
5nn 25 [5 9 9, 25]^
5nn 24 [5 9 9, 24]^
5nn 31 [5 9 9, 31]^
5nn 19 [5 9 9, 19]^
5nn 13 [5 9 9, 13]^
5nn 18 [5 9 9, 18]^
5nn 28 [5 9 9, 28]^
5nn 12 [5 9 9, 12]^
5nn 35 [5 9 9, 35]^
5nn 28 [5 9 9, 28]^
5nn 5 [5 9 9, 5]^
5nn 38 [5 9 9, 38]^
5nn 10 [5 9 9, 10]^
5nn 0 [5 9 9, 0]^
5nn 22 [5 9 9, 22]^
5nn 8 [5 9 9, 8]^
5nn 31 [5 9 9, 31]^
5nn 7 [5 9 9, 7]^
5nn 35 [5 9 9, 35]^
5nn 9 [5 9 9, 9]^
5nn 28 [5 9 9, 28]^
5nn 37 [5 9 9, 37]^
5nn 24 [5 9 9, 24]^
5nn 16 [5 9 9, 16]^
5nn 3 [5 9 9, 3]^
5nn 13 [5 9 9, 13]^
5nn 40 [5 9 9, 40]^
5nn 31 [5 9 9, 31]^
5nn 17 [5 9 9, 17]^
5nn 1 [5 9 9, 1]^
5nn 40 [5 9 9, 40]^
5nn 36 [5 9 9, 36]^
5nn 12 [5 9 9, 12]^
5nn 30 [5 9 9, 30]^
5nn 29 [5 9 9, 29]^
5nn 1 [5 9 9, 1]^
5nn 12 [5 9 9, 12]^
5nn 1 [5 9 9, 1]^
5nn 7 [5 9 9, 7]^
5nn 4 [5 9 9, 4]^
5nn 2 [5 9 9, 2]^
5nn 9 [5 9 9, 9]^
5nn 39 [5 9 9, 39]^
5nn 1 [5 9 9, 1]^
5nn 4 [5 9 9, 4]^
5nn 27 [5 9 9, 27]^
5nn 26 [5 9 9, 26]^
5nn 39 [5 9 9, 39]^
5nn 23 [5 9 9, 23]^
5nn 31 [5 9 9, 31]^
5nn 3 [5 9 9, 3]^
5nn 4 [5 9 9, 4]^
5nn 19 [5 9 9, 19]^
5nn 28 [5 9 9, 28]^
5nn 20 [5 9 9, 20]^
5nn 35 [5 9 9, 35]^
5nn 13 [5 9 9, 13]^
5nn 38 [5 9 9, 38]^
5nn 14 [5 9 9, 14]^
5nn 31 [5 9 9, 31]^
5nn 27 [5 9 9, 27]^
5nn 30 [5 9 9, 30]^
5nn 36 [5 9 9, 36]^
5nn 6 [5 9 9, 6]^
5nn 17 [5 9 9, 17]^
5nn 38 [5 9 9, 38]^
5nn 2 [5 9 9, 2]^
5nn 36 [5 9 9, 36]^
5nn 16 [5 9 9, 16]^
5nn 13 [5 9 9, 13]^
5nn 33 [5 9 9, 33]^
5nn 31 [5 9 9, 31]^
5nn 32 [5 9 9, 32]^
5nn 19 [5 9 9, 19]^
5nn 10 [5 9 9, 10]^
5nn 37 [5 9 9, 37]^
5nn 24 [5 9 9, 24]^
5nn 4 [5 9 9, 4]^
5nn 1 [5 9 9, 1]^
5nn 2 [5 9 9, 2]^
5nn 3 [5 9 9, 3]^
5nn 12 [5 9 9, 12]^
5nn 35 [5 9 9, 35]^
5nn 12 [5 9 9, 12]^
5nn 10 [5 9 9, 10]^
5nn 28 [5 9 9, 28]^
5nn 2 [5 9 9, 2]^
5nn 30 [5 9 9, 30]^
5nn 31 [5 9 9, 31]^
5nn 3 [5 9 9, 3]^
5nn 9 [5 9 9, 9]^
5nn 28 [5 9 9, 28]^
5nn 40 [5 9 9, 40]^
5nn 33 [5 9 9, 33]^
5nn 15 [5 9 9, 15]^
5nn 30 [5 9 9, 30]^
5nn 20 [5 9 9, 20]^
5nn 7 [5 9 9, 7]^
5nn 26 [5 9 9, 26]^
5nn 35 [5 9 9, 35]^
5nn 18 [5 9 9, 18]^
5nn 8 [5 9 9, 8]^
5nn 9 [5 9 9, 9]^
5nn 37 [5 9 9, 37]^
5nn 32 [5 9 9, 32]^
5nn 5 [5 9 9, 5]^
5nn 1 [5 9 9, 1]^
5nn 38 [5 9 9, 38]^
5nn 10 [5 9 9, 10]^
5nn 27 [5 9 9, 27]^
5nn 19 [5 9 9, 19]^
5nn 38 [5 9 9, 38]^
5nn 14 [5 9 9, 14]^
5nn 39 [5 9 9, 39]^
5nn 12 [5 9 9, 12]^
5nn 5 [5 9 9, 5]^
5nn 25 [5 9 9, 25]^
5nn 35 [5 9 9, 35]^
5nn 27 [5 9 9, 27]^
5nn 37 [5 9 9, 37]^
5nn 28 [5 9 9, 28]^
5nn 11 [5 9 9, 11]^
5nn 33 [5 9 9, 33]^
5nn 17 [5 9 9, 17]^
5nn 29 [5 9 9, 29]^
5nn 24 [5 9 9, 24]^
5nn 21 [5 9 9, 21]^
5nn 16 [5 9 9, 16]^
5nn 36 [5 9 9, 36]^
5nn 38 [5 9 9, 38]^
5nn 34 [5 9 9, 34]^
5nn 19 [5 9 9, 19]^
5nn 14 [5 9 9, 14]^
5nn 17 [5 9 9, 17]^
5nn 7 [5 9 9, 7]^
5nn 29 [5 9 9, 29]^
5nn 14 [5 9 9, 14]^
5nn 7 [5 9 9, 7]^
5nn 23 [5 9 9, 23]^
5nn 21 [5 9 9, 21]^
5nn 7 [5 9 9, 7]^
5nn 10 [5 9 9, 10]^
5nn 16 [5 9 9, 16]^
5nn 14 [5 9 9, 14]^
5nn 15 [5 9 9, 15]^
5nn 9 [5 9 9, 9]^
5nn 11 [5 9 9, 11]^
5nn 35 [5 9 9, 35]^
5nn 21 [5 9 9, 21]^
5nn 5 [5 9 9, 5]^
5nn 26 [5 9 9, 26]^
5nn 33 [5 9 9, 33]^
5nn 25 [5 9 9, 25]^
5nn 5 [5 9 9, 5]^
5nn 25 [5 9 9, 25]^
5nn 4 [5 9 9, 4]^
5nn 28 [5 9 9, 28]^
5nn 39 [5 9 9, 39]^
5nn 34 [5 9 9, 34]^
5nn 8 [5 9 9, 8]^
5nn 15 [5 9 9, 15]^
5nn 38 [5 9 9, 38]^
5nn 27 [5 9 9, 27]^
5nn 13 [5 9 9, 13]^
5nn 36 [5 9 9, 36]^
5nn 34 [5 9 9, 34]^
5nn 23 [5 9 9, 23]^
5nn 29 [5 9 9, 29]^
5nn 23 [5 9 9, 23]^
5nn 33 [5 9 9, 33]^
5nn 13 [5 9 9, 13]^
5nn 21 [5 9 9, 21]^
5nn 38 [5 9 9, 38]^
5nn 15 [5 9 9, 15]^
5nn 0 [5 9 9, 0]^
5nn 33 [5 9 9, 33]^
5nn 38 [5 9 9, 38]^
5nn 36 [5 9 9, 36]^
5nn 6 [5 9 9, 6]^
5nn 7 [5 9 9, 7]^
5nn 33 [5 9 9, 33]^
