2388 [23 88]^
2758 [27 58]^
2203 [22 03]^
3445 [34 45]^
4264 [42 64]^
3239 [32 39]^
7111 [71 11]^
3942 [39 42]^
2750 [27 50]^
9143 [91 43]^
3260 [32 60]^
9294 [92 94]^
7825 [78 25]^
9548 [95 48]^
6018 [60 18]^
2634 [26 34]^
5633 [56 33]^
1067 [10 67]^
5210 [52 10]^
7115 [71 15]^
1784 [17 84]^
2264 [22 64]^
8461 [84 61]^
6019 [60 19]^
3687 [36 87]^
3873 [38 73]^
1282 [12 82]^
1554 [15 54]^
7102 [71 02]^
3035 [30 35]^
9131 [91 31]^
3501 [35 01]^
5630 [56 30]^
2939 [29 39]^
5851 [58 51]^
9239 [92 39]^
6978 [69 78]^
9020 [90 20]^
6706 [67 06]^
2035 [20 35]^
4180 [41 80]^
1405 [14 05]^
1239 [12 39]^
5876 [58 76]^
2487 [24 87]^
7529 [75 29]^
8913 [89 13]^
2898 [28 98]^
1610 [16 10]^
5470 [54 70]^
4321 [43 21]^
7918 [79 18]^
2039 [20 39]^
3586 [35 86]^
1866 [18 66]^
1456 [14 56]^
1753 [17 53]^
5525 [55 25]^
1782 [17 82]^
1785 [17 85]^
1200 [12 hundred]^
1249 [12 49]^
7939 [79 39]^
3776 [37 76]^
1442 [14 42]^
5328 [53 28]^
5187 [51 87]^
3929 [39 29]^
9471 [94 71]^
3506 [35 06]^
2948 [29 48]^
4716 [47 16]^
4251 [42 51]^
4994 [49 94]^
1281 [12 81]^
6911 [69 11]^
3736 [37 36]^
6818 [68 18]^
2694 [26 94]^
5344 [53 44]^
2135 [21 35]^
3146 [31 46]^
4727 [47 27]^
4197 [41 97]^
9502 [95 02]^
9940 [99 40]^
1345 [13 45]^
6664 [66 64]^
9613 [96 13]^
6322 [63 22]^
2136 [21 36]^
3660 [36 60]^
1701 [17 01]^
6047 [60 47]^
2494 [24 94]^
4405 [44 05]^
9592 [95 92]^
4883 [48 83]^
3412 [34 12]^
7441 [74 41]^
1904 [19 04]^
7188 [71 88]^
9169 [91 69]^
2186 [21 86]^
5980 [59 80]^
6453 [64 53]^
7738 [77 38]^
6663 [66 63]^
1960 [19 60]^
7757 [77 57]^
8077 [80 77]^
5864 [58 64]^
6928 [69 28]^
5286 [52 86]^
4257 [42 57]^
9716 [97 16]^
6848 [68 48]^
2047 [20 47]^
3074 [30 74]^
4349 [43 49]^
7451 [74 51]^
6353 [63 53]^
3395 [33 95]^
3498 [34 98]^
6605 [66 05]^
1474 [14 74]^
8328 [83 28]^
5419 [54 19]^
1354 [13 54]^
4894 [48 94]^
6321 [63 21]^
4968 [49 68]^
3892 [38 92]^
4764 [47 64]^
5602 [56 02]^
2125 [21 25]^
5530 [55 30]^
3109 [31 09]^
3799 [37 99]^
4467 [44 67]^
9171 [91 71]^
4703 [47 03]^
3467 [34 67]^
5460 [54 60]^
8368 [83 68]^
8978 [89 78]^
5975 [59 75]^
9690 [96 90]^
6823 [68 23]^
2650 [26 50]^
7325 [73 25]^
6185 [61 85]^
4706 [47 06]^
2319 [23 19]^
9085 [90 85]^
3878 [38 78]^
1576 [15 76]^
6981 [69 81]^
6980 [69 80]^
4551 [45 51]^
3851 [38 51]^
5070 [50 70]^
7333 [73 33]^
9665 [96 65]^
7933 [79 33]^
2940 [29 40]^
4762 [47 62]^
2960 [29 60]^
1803 [18 03]^
2116 [21 16]^
3101 [31 01]^
6567 [65 67]^
7835 [78 35]^
3369 [33 69]^
5222 [52 22]^
3415 [34 15]^
2826 [28 26]^
5463 [54 63]^
7264 [72 64]^
2575 [25 75]^
9189 [91 89]^
2896 [28 96]^
1524 [15 24]^
4486 [44 86]^
8097 [80 97]^
8911 [89 11]^
4561 [45 61]^
7691 [76 91]^
8336 [83 36]^
7626 [76 26]^
6097 [60 97]^
5339 [53 39]^
4595 [45 95]^
8557 [85 57]^
7290 [72 90]^
7769 [77 69]^
6275 [62 75]^
5553 [55 53]^
5934 [59 34]^
5300 [53 hundred]^
1004 [10 04]^
1587 [15 87]^
6030 [60 30]^
2403 [24 03]^
5986 [59 86]^
2164 [21 64]^
3691 [36 91]^
1412 [14 12]^
2944 [29 44]^
1574 [15 74]^
2130 [21 30]^
2570 [25 70]^
6823 [68 23]^
6939 [69 39]^
5221 [52 21]^
7563 [75 63]^
8181 [81 81]^
8338 [83 38]^
1116 [11 16]^
8278 [82 78]^
8823 [88 23]^
9173 [91 73]^
4346 [43 46]^
9470 [94 70]^
7772 [77 72]^
7666 [76 66]^
8806 [88 06]^
8033 [80 33]^
3163 [31 63]^
7129 [71 29]^
5455 [54 55]^
1931 [19 31]^
8373 [83 73]^
7842 [78 42]^
8411 [84 11]^
7920 [79 20]^
6243 [62 43]^
1541 [15 41]^
2984 [29 84]^
5695 [56 95]^
5186 [51 86]^
1989 [19 89]^
3416 [34 16]^
8920 [89 20]^
6963 [69 63]^
7408 [74 08]^
6423 [64 23]^
8904 [89 04]^
3487 [34 87]^
9216 [92 16]^
3981 [39 81]^
3671 [36 71]^
6624 [66 24]^
3169 [31 69]^
4725 [47 25]^
5422 [54 22]^
2817 [28 17]^
5351 [53 51]^
6362 [63 62]^
6990 [69 90]^
5745 [57 45]^
6343 [63 43]^
9266 [92 66]^
9338 [93 38]^
1298 [12 98]^
5961 [59 61]^
4321 [43 21]^
2795 [27 95]^
5242 [52 42]^
4152 [41 52]^
3415 [34 15]^
2023 [20 23]^
8929 [89 29]^
7454 [74 54]^
5837 [58 37]^
6664 [66 64]^
3633 [36 33]^
1189 [11 89]^
1499 [14 99]^
4278 [42 78]^
9899 [98 99]^
9707 [97 07]^
9752 [97 52]^
6462 [64 62]^
4997 [49 97]^
7380 [73 80]^
9263 [92 63]^
8620 [86 20]^
1344 [13 44]^
8846 [88 46]^
4437 [44 37]^
8810 [88 10]^
3374 [33 74]^
2708 [27 08]^
8269 [82 69]^
1263 [12 63]^
7981 [79 81]^
2898 [28 98]^
7689 [76 89]^
6680 [66 80]^
6620 [66 20]^
5851 [58 51]^
3163 [31 63]^
3266 [32 66]^
8845 [88 45]^
9508 [95 08]^
1556 [15 56]^
4216 [42 16]^
1458 [14 58]^
8786 [87 86]^
4738 [47 38]^
7860 [78 60]^
9572 [95 72]^
3655 [36 55]^
1956 [19 56]^
9083 [90 83]^
9977 [99 77]^
4228 [42 28]^
1968 [19 68]^
1215 [12 15]^
8997 [89 97]^
7928 [79 28]^
1544 [15 44]^
1464 [14 64]^
6635 [66 35]^
8860 [88 60]^
9073 [90 73]^
2861 [28 61]^
6089 [60 89]^
9498 [94 98]^
7254 [72 54]^
3438 [34 38]^
9608 [96 08]^
1393 [13 93]^
3616 [36 16]^
3452 [34 52]^
9248 [92 48]^
4440 [44 40]^
6523 [65 23]^
2289 [22 89]^
2245 [22 45]^
9955 [99 55]^
1561 [15 61]^
5858 [58 58]^
7125 [71 25]^
8158 [81 58]^
1133 [11 33]^
9684 [96 84]^
5145 [51 45]^
7649 [76 49]^
1262 [12 62]^
7890 [78 90]^
6970 [69 70]^
8426 [84 26]^
5276 [52 76]^
5104 [51 04]^
3962 [39 62]^
9487 [94 87]^
7609 [76 09]^
4894 [48 94]^
1545 [15 45]^
5323 [53 23]^
2129 [21 29]^
1859 [18 59]^
6018 [60 18]^
8706 [87 06]^
7313 [73 13]^
6262 [62 62]^
1201 [12 01]^
5102 [51 02]^
4864 [48 64]^
8405 [84 05]^
3360 [33 60]^
4080 [40 80]^
9170 [91 70]^
5929 [59 29]^
6820 [68 20]^
5403 [54 03]^
6100 [61 hundred]^
5783 [57 83]^
9188 [91 88]^
9051 [90 51]^
9125 [91 25]^
5442 [54 42]^
3978 [39 78]^
6682 [66 82]^
5117 [51 17]^
4692 [46 92]^
4914 [49 14]^
8531 [85 31]^
3172 [31 72]^
8274 [82 74]^
4221 [42 21]^
2707 [27 07]^
9057 [90 57]^
3867 [38 67]^
4142 [41 42]^
2534 [25 34]^
3891 [38 91]^
4654 [46 54]^
5369 [53 69]^
2527 [25 27]^
3562 [35 62]^
1011 [10 11]^
3969 [39 69]^
5060 [50 60]^
8678 [86 78]^
3078 [30 78]^
8041 [80 41]^
4113 [41 13]^
7553 [75 53]^
4769 [47 69]^
4929 [49 29]^
8311 [83 11]^
8944 [89 44]^
7413 [74 13]^
7746 [77 46]^
7083 [70 83]^
5081 [50 81]^
4449 [44 49]^
7601 [76 01]^
4242 [42 42]^
5465 [54 65]^
9383 [93 83]^
8712 [87 12]^
7716 [77 16]^
2488 [24 88]^
6148 [61 48]^
2499 [24 99]^
5908 [59 08]^
8069 [80 69]^
7362 [73 62]^
2255 [22 55]^
9961 [99 61]^
4468 [44 68]^
6906 [69 06]^
6137 [61 37]^
3615 [36 15]^
5579 [55 79]^
1046 [10 46]^
9233 [92 33]^
4505 [45 05]^
1726 [17 26]^
7767 [77 67]^
7739 [77 39]^
9187 [91 87]^
8889 [88 89]^
5582 [55 82]^
9925 [99 25]^
2892 [28 92]^
2909 [29 09]^
8758 [87 58]^
4558 [45 58]^
8665 [86 65]^
9371 [93 71]^
9261 [92 61]^
9462 [94 62]^
6806 [68 06]^
7468 [74 68]^
1337 [13 37]^
4403 [44 03]^
9155 [91 55]^
3903 [39 03]^
8428 [84 28]^
7726 [77 26]^
3909 [39 09]^
4757 [47 57]^
6198 [61 98]^
6108 [61 08]^
6733 [67 33]^
1864 [18 64]^
2269 [22 69]^
2631 [26 31]^
1341 [13 41]^
2905 [29 05]^
5992 [59 92]^
1740 [17 40]^
2918 [29 18]^
5655 [56 55]^
7803 [78 03]^
5732 [57 32]^
7555 [75 55]^
7572 [75 72]^
7420 [74 20]^
7269 [72 69]^
7416 [74 16]^
2750 [27 50]^
5763 [57 63]^
7028 [70 28]^
5790 [57 90]^
6237 [62 37]^
4195 [41 95]^
9622 [96 22]^
7465 [74 65]^
7497 [74 97]^
9585 [95 85]^
6250 [62 50]^
4310 [43 10]^
7619 [76 19]^
9530 [95 30]^
7924 [79 24]^
2361 [23 61]^
8627 [86 27]^
7618 [76 18]^
1702 [17 02]^
8386 [83 86]^
2845 [28 45]^
2940 [29 40]^
1806 [18 06]^
8251 [82 51]^
6559 [65 59]^
5155 [51 55]^
7550 [75 50]^
3767 [37 67]^
2113 [21 13]^
8122 [81 22]^
6725 [67 25]^
4128 [41 28]^
9728 [97 28]^
7352 [73 52]^
8116 [81 16]^
1852 [18 52]^
6745 [67 45]^
2303 [23 03]^
8213 [82 13]^
4273 [42 73]^
2001 [20 01]^
9851 [98 51]^
4618 [46 18]^
8838 [88 38]^
9939 [99 39]^
8705 [87 05]^
5219 [52 19]^
2314 [23 14]^
3169 [31 69]^
7281 [72 81]^
1692 [16 92]^
7607 [76 07]^
2395 [23 95]^
4664 [46 64]^
5459 [54 59]^
3296 [32 96]^
7304 [73 04]^
1123 [11 23]^
2144 [21 44]^
9798 [97 98]^
8347 [83 47]^
9774 [97 74]^
6778 [67 78]^
4042 [40 42]^
4947 [49 47]^
8872 [88 72]^
6390 [63 90]^
5894 [58 94]^
3679 [36 79]^
2229 [22 29]^
5236 [52 36]^
2581 [25 81]^
9926 [99 26]^
4840 [48 40]^
3280 [32 80]^
6143 [61 43]^
2905 [29 05]^
9099 [90 99]^
5885 [58 85]^
4487 [44 87]^
9002 [90 02]^
5431 [54 31]^
9451 [94 51]^
2347 [23 47]^
5344 [53 44]^
3268 [32 68]^
4013 [40 13]^
9532 [95 32]^
6378 [63 78]^
7789 [77 89]^
5656 [56 56]^
8304 [83 04]^
8548 [85 48]^
6434 [64 34]^
6712 [67 12]^
3623 [36 23]^
7196 [71 96]^
5882 [58 82]^
9691 [96 91]^
7269 [72 69]^
9186 [91 86]^
6193 [61 93]^
7407 [74 07]^
1469 [14 69]^
3430 [34 30]^
7582 [75 82]^
7419 [74 19]^
8428 [84 28]^
1156 [11 56]^
5220 [52 20]^
1462 [14 62]^
1645 [16 45]^
2343 [23 43]^
4487 [44 87]^
2200 [22 hundred]^
3768 [37 68]^
9764 [97 64]^
4649 [46 49]^
8070 [80 70]^
4502 [45 02]^
3292 [32 92]^
5431 [54 31]^
5440 [54 40]^
1158 [11 58]^
4645 [46 45]^
1115 [11 15]^
2098 [20 98]^
2550 [25 50]^
7527 [75 27]^
9376 [93 76]^
3127 [31 27]^
1328 [13 28]^
6520 [65 20]^
3991 [39 91]^
7517 [75 17]^
2023 [20 23]^
2894 [28 94]^
7650 [76 50]^
4416 [44 16]^
9417 [94 17]^
6606 [66 06]^
3655 [36 55]^
9878 [98 78]^
6484 [64 84]^
5073 [50 73]^
6526 [65 26]^
9655 [96 55]^
6497 [64 97]^
1116 [11 16]^
5410 [54 10]^
2442 [24 42]^
2199 [21 99]^
4128 [41 28]^
6991 [69 91]^
8952 [89 52]^
4859 [48 59]^
5005 [50 05]^
5009 [50 09]^
7144 [71 44]^
8688 [86 88]^
8354 [83 54]^
9815 [98 15]^
4386 [43 86]^
1540 [15 40]^
5833 [58 33]^
8869 [88 69]^
4172 [41 72]^
7131 [71 31]^
2436 [24 36]^
7187 [71 87]^
4898 [48 98]^
2121 [21 21]^
8389 [83 89]^
7786 [77 86]^
4995 [49 95]^
6839 [68 39]^
1160 [11 60]^
3948 [39 48]^
9054 [90 54]^
9728 [97 28]^
6604 [66 04]^
5218 [52 18]^
7257 [72 57]^
9666 [96 66]^
4512 [45 12]^
2634 [26 34]^
1909 [19 09]^
5057 [50 57]^
6491 [64 91]^
9576 [95 76]^
1648 [16 48]^
7719 [77 19]^
4216 [42 16]^
1068 [10 68]^
5039 [50 39]^
9092 [90 92]^
6129 [61 29]^
5679 [56 79]^
9514 [95 14]^
4427 [44 27]^
7453 [74 53]^
9200 [92 hundred]^
4190 [41 90]^
8633 [86 33]^
6997 [69 97]^
4438 [44 38]^
3395 [33 95]^
5230 [52 30]^
3041 [30 41]^
2143 [21 43]^
6708 [67 08]^
2672 [26 72]^
1975 [19 75]^
7963 [79 63]^
7293 [72 93]^
4849 [48 49]^
9772 [97 72]^
6829 [68 29]^
9303 [93 03]^
1309 [13 09]^
4690 [46 90]^
6960 [69 60]^
8101 [81 01]^
2616 [26 16]^
8793 [87 93]^
8599 [85 99]^
8692 [86 92]^
4967 [49 67]^
2390 [23 90]^
2944 [29 44]^
8508 [85 08]^
6411 [64 11]^
4445 [44 45]^
9377 [93 77]^
6901 [69 01]^
3235 [32 35]^
8268 [82 68]^
7392 [73 92]^
6272 [62 72]^
1490 [14 90]^
5457 [54 57]^
7159 [71 59]^
7722 [77 22]^
2200 [22 hundred]^
3068 [30 68]^
9897 [98 97]^
3453 [34 53]^
4371 [43 71]^
8567 [85 67]^
8225 [82 25]^
6832 [68 32]^
3695 [36 95]^
4467 [44 67]^
6788 [67 88]^
1385 [13 85]^
7293 [72 93]^
1475 [14 75]^
5103 [51 03]^
2098 [20 98]^
5162 [51 62]^
4634 [46 34]^
6489 [64 89]^
1464 [14 64]^
3468 [34 68]^
1178 [11 78]^
7201 [72 01]^
2029 [20 29]^
5323 [53 23]^
6055 [60 55]^
1553 [15 53]^
6083 [60 83]^
6963 [69 63]^
2447 [24 47]^
5546 [55 46]^
4410 [44 10]^
2370 [23 70]^
1247 [12 47]^
4826 [48 26]^
9151 [91 51]^
4571 [45 71]^
6244 [62 44]^
6638 [66 38]^
5534 [55 34]^
8559 [85 59]^
2044 [20 44]^
8939 [89 39]^
2844 [28 44]^
2222 [22 22]^
7455 [74 55]^
7080 [70 80]^
8783 [87 83]^
1073 [10 73]^
1351 [13 51]^
3089 [30 89]^
9559 [95 59]^
6082 [60 82]^
6186 [61 86]^
4387 [43 87]^
5754 [57 54]^
7925 [79 25]^
6493 [64 93]^
9287 [92 87]^
6486 [64 86]^
1326 [13 26]^
7461 [74 61]^
7090 [70 90]^
5319 [53 19]^
3433 [34 33]^
3618 [36 18]^
1856 [18 56]^
1845 [18 45]^
2559 [25 59]^
6721 [67 21]^
6418 [64 18]^
